CameraPanDriver.py=2020-01-30 00:11:14.978114
UltrasonicDriver.py=2020-01-30 00:11:15.003693
