CameraMotion.py=2020-01-11 14:10:12.149881
TestUpdate.py=2020-01-11 14:10:12.186834
Console.py=2020-01-11 17:34:18.810936
UpdateConsole.py=2020-01-11 17:34:18.810936
