Console.py=2020-01-27 21:08:46.124216
TkinterCam.py=2020-01-27 21:08:46.124216
