Console.py=2020-01-22 20:15:53.214685
SystemTest.py=2020-01-22 20:15:53.457968
TkinterCam.py=2020-01-22 20:15:53.457968
UpdateConsole.py=2020-01-22 23:02:53.326942
