CameraPanDriver.py=2020-01-26 17:39:15.142306
settings.py=2020-01-26 17:39:15.142306
TkinterCam.py=2020-01-26 17:39:15.142306
SystemSettings.cfg=2020-01-26 17:39:15.142306